ACT
EXT 1408 384 64 64
PLY 320 384 64 64
LRF 448 320 64 192 0
LRF 448 512 64 192 0
LRF 448 704 64 192 0
LRF 448 896 64 128 0

AIS 640 384 64 64 0 3
GAR 640 512 64 64 0 -3 0
AIS 640 832 64 64 0 -3

AIS 704 384 64 64 0 3
GAR 704 512 64 64 0 -3 0
AIS 704 832 64 64 0 -3

AIS 768 384 64 64 0 3
GAR 768 512 64 64 0 -3 0
AIS 768 832 64 64 0 -3

AIS 832 384 64 64 0 3
GAR 832 512 64 64 0 -3 0
AIS 832 832 64 64 0 -3

AIS 896 384 64 64 0 3
GAR 896 512 64 64 0 -3 0
AIS 896 832 64 64 0 -3

AIS 960 384 64 64 0 3
GAR 960 512 64 64 0 -3 0
AIS 960 832 64 64 0 -3

AIS 1024 384 64 64 0 3
GAR 1024 512 64 64 0 -3 0
AIS 1024 832 64 64 0 -3

AIS 1088 384 64 64 0 3
GAR 1088 512 64 64 0 -3 0
AIS 1088 832 64 64 0 -3

AIS 1152 384 64 64 0 3
GAR 1152 512 64 64 0 -3 0
AIS 1152 832 64 64 0 -3

AIS 1216 384 64 64 0 3
GAR 1216 512 64 64 0 -3 0
AIS 1216 832 64 64 0 -3
